var_index	mse_H1hESC_0	mse_0.5-weighted_H1hESC_0	mse_1.0-weighted_H1hESC_0	corr_H1hESC_0	corr_unweighted_H1hESC_0	corr_0.5-weighted_H1hESC_0	corr_1.0-weighted_H1hESC_0
0	0.00577793450056375991	0.00530223995302264630	0.00601499815613778469	0.97747871069934111343	0.02974251370788311144	0.02729894957301928771	0.03096020954766474931
1	0.00160348633888658079	0.00150036047874907777	0.00163199080578858369	0.99090703153933357150	0.01953970145338107881	0.01911448882993160153	0.01965721035501811695
2	0.00921416595566134505	nan	nan	0.96848561108212971593	0.03728577067427372993	nan	nan
3	0.00970452503333030063	nan	nan	0.96227338289705999230	0.04272299570305139460	nan	nan
4	0.00379439214819854518	0.00379438053812360902	0.00363154520585015758	0.96876011691320573771	0.04621072342845496811	0.04621072342845496811	0.04354378019220122437
5	0.00392461972507746667	nan	nan	0.99087260739750215865	0.01135381272341073715	nan	nan
6	0.00298661906683714761	0.00307950750842649404	0.00291504709883923544	0.99190350655135750557	0.01313262121576994415	0.01367204804589540294	0.01271685745342028204
7	0.00916079388534059291	nan	nan	0.54491553367399936381	0.45090883644311818834	nan	nan
8	0.00667970072513768449	nan	nan	0.97475437294233957530	0.03652648959640085458	nan	nan
9	0.00443188386301961775	0.00443190508098031694	0.00441986380824035095	0.98336060581167472616	0.02273856871561756240	0.02273856871561756240	0.02249065186091021157
10	0.00723377526496847643	0.00754145690157112612	0.00711073303398921958	0.95220380004278915020	0.05404766427440045595	0.05551989833912457373	0.05345877064851081023
11	0.00592590828056517582	nan	nan	0.98355113959383155819	0.02284881236829230597	nan	nan
12	0.00201225930504334623	0.00201225856242371074	0.00201586348708407762	0.99009329662726075494	0.01337866771213013992	0.01337866771213013992	0.01343651041898675895
13	0.00984782222872041153	nan	nan	0.96358147340157285221	0.05409864661586936962	nan	nan
