var_index	mse_HFF_0	mse_0.05-weighted_HFF_0	corr_HFF_0	corr_unweighted_HFF_0	corr_0.05-weighted_HFF_0
0	0.06936724477069061701	nan	0.85128778074283251165	0.14747152839071919761	nan
1	0.00309389327187049781	0.00300425549490810359	0.99585259116913049660	0.00943719595951195665	0.00927527114218770765
2	0.00093831590061036808	0.00092553133215062986	0.99887123263103749782	0.00423875408252871646	0.00418436015636061177
3	0.25286822903742078861	nan	0.86233679726933931686	0.15773600008541957540	nan
4	0.08637401503859169771	nan	0.69692431447887126517	0.37695247514929069999	nan
5	0.00152239620695820868	0.00146174950516539718	0.99717246201322551347	0.00460430052589077664	0.00445910066192452357
6	0.07350077340474274468	0.07352930064821612544	0.85353813517335042071	0.18314155495349124236	0.18226138999574739707
7	0.06769330232935001634	0.06768678381898561580	0.88943285847519515386	0.14104455373083743530	0.14104455373083743530
8	0.00128225786764330375	0.00130235522679440015	0.99788438622724329186	0.00660390289061170942	0.00642280615033925112
9	0.02744282886258601895	0.02726184529160356057	0.94948829338288043278	0.05320881580622416340	0.05300758397836186769
10	0.00028902403221757738	0.00030490494802071867	0.99767107259174636624	0.00560036859457049840	0.00584754016091208577
11	0.00099813940890088287	0.00097755606319285229	0.99803918972022398481	0.00351924530557786407	nan
12	0.06163919683442174030	0.06390069485087510048	0.85762984365500027906	0.14624223177133677254	0.15333402269443116572
13	0.00254204576721499091	0.00259319365766394342	0.99528617289334475604	0.00715004371368489332	0.00717673175649178631
14	0.09202717254503085809	nan	0.83244056052512449551	0.17854130667775566788	nan
15	0.00749573771354625825	0.00757081394215499033	0.99013320334736543149	0.01282771103034762925	0.01297994347571152125
16	0.00379892599030285782	nan	0.99425334556472333425	0.00939970723858984079	nan
